"L,946658891911,G,996.6824284882,696.1,45,8,599,4988,865"
"L,279089950619,G,2.89,5.8,3889,7,9,0,99833fj>"
"L,989690862656,G,-8.2,4.694,9,979,8,29,5"
"L,494516187901,G,9.74478,84.8,8.,580,3,883,4"
"L,993386668329,G,-9.8,24.8,8,9298487,4318,5489,8"
"L,599908994999,G,-5.95,2.8,9,1.9,38,9,99"
"L,026010819893,G,079.8,-5.248,625.,4810221979484,969,1782,09"
"L,984288487412,G,38.5,1469859.88,19858,3.,99,4,99902YG"
"L,982611893064,G,97.4598,-490.17,88505.,262968.,8,56,8"
"L,694008659938,G,-9.898,-64.9,20.9,8,9,7,0"
"L,786915888195,G,-8.7,-8.2,76.4995878,6.,96,4,529"
"L,989998942927,G,-7.059,4069.6,7518,988,93189,8,150"
"L,658888009439,G,-89.9,-8.9,58,44,228,8,4995m"
"L,017898813942,G,-5.8,6.1,6.905,26.9,0,34,8998f"
"L,492398194399,G,-7.1,188.9,98.1,998.9,8,989,8\vArz"
