"198889769638,896978996188,89,338888558088,-49,-87,8,9,81999486,0,nx@m"
"99687892768,919699894725,8,150249688878,-9,80,9,9,9,8,"
"85907428569,932997990689,649,888983681580,-2,-9,9,965,87,83,|"
"18796768409001,289399287986,3,979008534858,584983,486884,8,9,1,998101,"
"01339442996,694648991689,80,099128688288,-8,8,0,690,998,9,"
"4389732901939,387928798161,896,868213998579,-93,28,8,97,9,4,"
"25589938881,227624628846,8,799818958569,-8,8,9,2,86,8,!N"
"397893539935194,466288118368,375,899388981999,-8,9,1,3,6559,8,#\v"
"860880944508839,998998032880,9,798191918915,-8,892,9,212,982085438588,9,"
"19808486884,270804904882,8,989578899898,698,-935,2,9,9,3,2Z@"
