"9,89825328871968,-33.623,-4.0,889194,8837886,-899,9,0,9,80,748.9hq"
"9,50991339969832,-689.76,8.6,698,5.8,9,93,811,9,988991485178818,89,5,429,-9891990,8,379,-999,99,1,88,80@"
"8,18993698689288,-3838.8,25.3,8.8,982.,86978.,8,59,09,48,99.6,X"
"(,0,99439999969956,9.69,8.2,9.,9.,-73,4888,92,9,8279388.282,,85385293072996,564,98,88970390888,-99,89,8,1,9,2,79,10"
"6VX,83,02595346898884,8.01,-3.85,899929,89.9,1,8,4,7,8942968878937.8"
"983,99163785599766,98.7,3855.38,682,806.49,9.,8,09,6,62,8.6,20615393998188,968,696,3,-9,08,02,-5,28,9,38,6"
"9,81949884264938,88.9,99.798,2,26.,966.5,99,4,809,8998521868,,88.9,29839868679896,9299,8495,21878,-988,7,76,9,58,0,0,409"
"A,98,86699949238826,-8.86,08.89,5758,9912.,992,3,76,8,998.80.4,99748991389534,6781,3588,9,4898,8,60314,-88,694,99758834884,957,983j%"
"2,28929949948919,1.9,0.83,20,93.7,-8,73,09,629,88.88898,,"
"[,1497,88796196989250,63.9,-19.218248,19.0,8.3,8,5,8,81358,840.8,"
"9,58998889099569,-99.9,-84.9,9.,7.8,5882.,82,9898,3,19,3.99"
"8,29988829899054,-80.8,8.4,98655.,94697788,804.,4,4378,1,52.02.4089,98699194988399,6589,00,545088,-9058,9,5,-6,3,8,0,8U0jh{_"
"4,93743815851843,-8.9,-65.99,2.4,82.,17.,4,99,88,066,9.498293888688889,859,98,8,6,9,8,99,789,85,995,980"
"8,61447988802942,7.94,-9.8098,07,3859.,-976.,6,9,99,8,6.69959,"
"Jc,989,83574116798989,3.9,0.897,70.856,7.,-3,5,9,0,7,98078844.89,18899986869040,3,099880,4,83,07,90,80,0,36,9,88"
