"59319554991,881530984867,8848,694119408886,5,5,8,8,4,594747881,"
"699882588939,848586907189,083982,758391089898,128075721,-9,2,82,2,8,\a:"
"99202896594,685732228019,4,998989805372,-86,-23,8,4704,9341,3819899509,"
"88878084758520,229279377990,82,859880993259,-9,-5,8,9,7,559,"
"45888624989,488940779028,81,988932396953,9,8,9,8,6,5,"
"88889888488,571093059004,0653995,989864188900,-48,-6,9,8,8,49,"
"33799888284,909909279848,7,734837845885,6,-961,9,8,28,06,+:"
"99981898888,699988987889,07,342998888294,6,-8,0,7,9729,9,x"
"98388488910,044598102887,8,669588886991,6,-92,8,8,9,8,?"
"97883781568801,306928893900,2,915059585935,89,-90897,1,898,4,3,M"
