"99981410976,998433808078,8,820887354894,236,9899,9,1,8,8,P"
"85587988989,899737108504,8,748861098389,28,2,8,9,89,1,"
"149903988991,658296888786,8001306,996696888877,-86,4,7,9,700,5,"
"81744040699,495790339901,4,880969328692,-4,4,1,1,552,8788,"
"94139989858,989067575989,0,687122959999,-8939,81,1,8,8,19,[L'K"
"80988497180,596985788983,3,279892548289,39,38,3,9,9,2,og"
"28488948898,886892348898,8,882892398865,9,48,9,5854,9530,2,"
"899089959949,828829995581,145,928885888829,6,59,3,9,3,9,"
"39469618480,683209838931,5,488696588969,-8578,91,8,4874,8452,092,\""
"43519945930148,028309968408,180,883198795050,8,6,9,27681,48,8,\r"
