"L,426395894987,G,5.95,-613.5,8099.9,95.,87,9889,899"
"L,891750807219,G,-9.18,-29.5,19608.0,9380,1,89,83"
"L,646086896045,G,-8.8,69.3,98689,8,8,885,0i"
"L,489779299898,G,-8.8,-13198.0,96.6,2.9,1,6,9"
"L,280939883185,G,7389.9,9.51,23,6.3,8,472,9"
"L,568978843580,G,5.234,-0.03,84,3.7,6,88,6"
"L,984428148647,G,-71.5,-696.9,4.26,1.,5,8861,89"
"L,570268809528,G,784.98,-8.5994,6,538,3150,6,993}@"
"L,629182285702,G,1.9,278.6,9.,91.1,89,960,99881258983949"
"L,099091885759,G,-5.749,-2.90,0885,98,9,98,179"
"L,396351288541,G,-20.0,-89.126,9.,9.881549,4,8,57"
"L,587198503858,G,9.9,9.8,2,99.70,94,46938,0"
"L,882898848298,G,9.66316,64.9846,4293,0.18,0,23571,0891"
"L,039488968142,G,6.8,46336.47,83.,68.99,78,9,4\e"
"L,871831234689,G,-48895.64099,0.861,8.,5,2,46,9"
