"87713816940,189988939899,8,629939955188,-9,-8970,7,9,39,18,"
"09089883898,690649898381,9,498849181297,38,-83,0,87,2,8,"
"89938892499918,898818709411,0,858595099898,0,2,9,3,89,81,"
"19989999969,899055406987,72602673,569884438485,-99,-30,8,8,09841,5,#"
"79998858787809,653845168929,9,354954239818,-9,78,7,1,6,3,-"
"86088098838,892798999847,8282829,895829988038,-4,-9,4,02,6,09,"
"68690489968,808868438873,97,987988988988,9,-88,4,96,8,9,7"
"7932889698098,925579380282,98,993644936916,-817,6,4,5,15,9,\t^W\v"
"588889861254,891891488980,8,908525947449,0,-8,0,79,28,8,v"
"690955388939,559899998698,6,990998938909,6,-1,8,99,4,9468,wu"
