"$GPRS7,\ae,804817,183509,8885889901098908,9,6,1,2,99,739,1859HL#V3"
"$GPRS7,,999984,949380,9988039988831698,9,0913,7695850,94,9289898,2,38HL#V4"
"$GPRS19,$,870929,893458,9392102788118513,54,5,88,8,889,898,6HH#V0"
"$GPRS1,tj,625588,202908,6995798884609379,827,01,6,9,4,99,539HH#V657"
"$GPRS98,ST,064829,588819,4989538689808589,0,9,9,8,9,4,8288580848LH#V2991"
"$GPRS9,R,832978,814909,8699483887080018,18,88,63,92,8,92018,88HH#V5"
"$GPRS99,=,909898,939128,9685292939891898,9,98,98,0809,3,8,8LL#V9"
"$GPRS0,!,501455,869685,0830545859882936,1964,82,9919992,978,388,8,019HH#V999"
"$GPRS991,e/,039873,885129,7823192968413258,965,11,75699,98,3,6519,998HH#V8"
"$GPRS1,&,998628,207876,6054988966419986,7952,94,989,4,1,998,9HH#V98711"
