"868969978366,884059445398,859,989808293887,3,-6,7,8,64,8508803, "
"78889970370,998499904790,87,015801198969,12,-88,9,4,2,1,N"
"9688596988985,708883098889,5,085909798959,-9,-286,6,989,885399,62,"
"60872199149,985998881988,8,718957669151,-9,8,5,9,48,658,Yx"
"94866198883,289744981888,937905,088265288893,-4985,-483,8,08,09,12,"
"98822995299,081899894950,1,528898880999,-2,6,7,804,18,8,.+"
"93028969848,388888891538,11,985988891807,-4,-688,6,8,8,2,"
"511508406192,699498578999,959,791386894959,-85,-96,8,4,9,978420,"
"789253560998,098989289739,9,219899035896,-90,8,9,98,8,89,"
"88699804981,468668511409,9,298588691985,04,-8,8,88,3899,3856,"
"99999580889838,807993897988,8,699998616669,-993,-41,8,7090896,89,8,d"
"93634292859,216988900992,7,992589823893,-8,9997,9,8,9,969,"
"949988897508,886949990345,866,218855143259,9,87,7,8,8,87,"
"959949108920048,868118965440,85490,192796868808,-61,-8,6,9,6,8,/"
"998558339816,558789989882,94,375829989324,1,849,7,8719736,0,8,"
"82898891837,959579788942,9989,855126810568,-9,-560,7,95,8,885,"
"06689486769385997,858948495372,8,779488937838,-0,98,8,9,9,810,ZG"
"18952991939,588986889879,9,599826991398,-97,533,8,880,90,36,"
"8899929988845975,398929980189,99,803648899888,-8,-3,0,8,47895,6,"
"1169889898598888,698469085954,10,690961359948,85,-958,0,9,9306,8,"
