"L,354248040738,G,9.1,95.2,6898225,133310,82,85,89"
"L,969593783992,G,899.38,-07.9,4.8,7,36,6,998240("
"L,399694995038,G,-1.6,0.894,85,8.4,29,39,89"
"L,009399389488,G,9.8,-491695.9,5919,998.,2,6498,876XY\v"
"L,821308821878,G,8038.29,9888.939,752,343398,9,4,26;9"
"L,842484391950,G,3.6,9869.9,09,445.,3,1,84"
"L,881882567970,G,489.9,49.5669198,2,8.7,90,11,695"
"L,808882519886,G,-9.99,-91.2,90.,8.5,918,5,9d^"
"L,994554826840,G,7.5,-9.91,994599,145,9999,9830,8"
"L,989198998888,G,4.88,-6329.4,951,8,1,9,3"
"L,941888989595,G,38.4,111.68,3531,1999994981,99,3,1"
"L,688609741878,G,-1.849,9.3,99988956.,93.2,54,2218,895"
"L,799819662548,G,86.824,-9.94,924,7399282,5,22881558,04"
"L,781895258897,G,7.8,4.8,3.9,6979.83,8120,9,80hA"
"L,887392808388,G,51.8,1.8,75.,9,0,7,87"
"L,898398121191,G,19.8,995.996,7.,7.889,9998,61,0"
"L,598998898389,G,-561.5,-9.8,3,890,431,4967,98Y"
"L,955988989864,G,9.92,69619.88,68980,89,9,876,99808Wt"
"L,931100668079,G,880.2,084.1,9156,8364.,78,029,1"
"L,998988990229,G,243.7,-8.8,4.3,1.258,99,71,7j"
"L,891855886449,G,-598.3,0.7,38.8,1.56,1,8,7"
"L,889989399728,G,-2.488985,889393.9,89339.,58740,94,9,46"
"L,194378097839,G,-848.8,8.7,99899,79912,9,43,989"
"L,999896453899,G,989.8,-83.1,93.408,9.3,3,2,88"
"L,859478988799,G,1.697098,85.82,8.,33,1,59,4"
"L,719758812888,G,-6.78488,98.908,8.,998.918898,9,31,98)N'p"
"L,948280988063,G,-984.7,95.9,739838839,15.2,8,9,4899"
"L,424981907688,G,-89.6,-68.8,8858,826,7,38,9038\t`\a^"
"L,728849249888,G,-6.7,8.5,3,9,965,7,988"
"L,860874484987,G,-93.09,1.6,9890739.0,986.9,89999,9,986"
