"$GPRS21,\",851930,881696,5178889958989917,91,98,7,98191,5,9,9LH#V2"
"$GPRS9,Vy\e)\nH,999967,960931,8897499688691906,79,3,7,0,98,1,1LH#V9"
"$GPRS1,$,098808,096895,6918993989995328,4,8,95,843,181,188,23LH#V24"
"$GPRS18,8,289898,874408,9457964489899998,2895,976,18,84,59,4,8LH#V3"
"$GPRS89,\b~,804908,928182,3789952046458085,7877,9,88,247,98,60378,0HH#V89"
"$GPRS9899,tp,886190,988388,3480980987986725,66,89,82,9,7489,2,9HH#V809"
"$GPRS8,\v,952856,149959,5198890880316898,9,2949319,1,7,9,8,991HL#V16"
"$GPRS45,\0,938199,879929,9978886859989839,8,05,3,8,96,91,9HH#V2"
"$GPRS9,NGH,999891,063109,8992978598784590,298,85,3,799,1,9,9LL#V5"
"$GPRS07,U\r,987938,888919,9984099579139399,8,95,991,2,82,4,98LH#V89"
