"97759891897999,489816989879,89983,228998534950,-97,0,8,63,910629,8,."
"5889989848138,373922979194,190,999689908582,0,6,9,4,939,8,+"
"09898244399,986985890578,888,382692484488,-4,-3,0,8298,88,82,9"
"85586987888982382,898798969683,99,929892948945,8,-4,8,2,8,79,"
"99385470728,259298018865,68,931910078988,9,-8,5,48879,5,7,"
"94404687672,438478880896,992,982898869288,-89,-5198244,9,8978,793,8,YV"
"97399618469,898499946258,2,192108996016,-0,68,9,7,461,756,"
"99229398900,909909709980,988,394889915073,4,-80,8,9,817,9808,\0"
"58862684696,296889105857,60,389199381407,9,-8,9,2,389,9,"
"598936999979899506,019202908898,989,363992879977,-8,6,1,9,1,8,("
"74519848389128084,949658898894,2,584149098427,-6,-90,8,9,4,0,S"
"28991999239,747894898382,715381,883509992992,95,-8,1,599,8,88949,"
"87999959169,879428962430,9,383308979892,-79,-493,2,068,198,86,"
"08930289539,382837887912,38,998087886108,-45,-8,9,87,3,95984,"
"98594919729527,996889970888,98,098966226672,-09,8,7,477086,1008,68,9"
"1949815929920,408808827756,9,991883690897,9,-9,8,98,296,38,"
"845096553016,884784911809,9998,833989873899,-90,974881,0,1,8,95,"
"049892968988,598329895898,1,850795019919,-89,-0,8,0,99,7,"
"995088882099,898199788988,9,781392631288,-97,-2,5,76,899,78,"
"99798868059,884188989241,724,859808925259,-2,-7,6,966,9,89409,\r\vV/"
