"9,48983914888995,-99.68,28.2,1.8608,851,-3523,93,82877,94,83"
"L,4,92331593879897,8.3,7.8,2,0.89,-99488,86,9,9,89.50,9.79,86298589983888,0,57,5,788,4,9985,-7,889,8,38,9"
"z,5,69328998988889,1.68,-9.19953,1,3353.2,-8.8,4,8847,9,9,5.399,19085281994664,95,887,09,9,5,6,5,366,9,1,8q"
"5,19893158719582,-410.86,-99.8,56,02919,-93.8,8,8,481,91.27,"
"1,95,27916953488889,-998792.0,2.8,6,8.08,78,1,8,4,89295.18988859495488348,799,795,1,7,9,4,8,334,869,780,9"
"953,33247957882866,1.15,-42.7,4.7,94.,-4050.,3,6883,28,24.1988"
"9,08469807993859,8.2,-7.4,9796,8.,92,9,9,4,0,0.8050.6,5"
"8,89586690798968,9.28,6.48,82879864239,8.,8.,9908,80385288,8949,2998,,"
"5,89869958864382,60.0,-4.838,894.,9.28189,1.48,9,9,5,760.3,"
"9,87080794839818,-5.07,-8.59,968,3.89,389,0,8,9,8,,8.91"
"312,08395698292035,75.02,-9.67,8.,959,9,8,3,88,442,e"
"38,44989469380059,-98.288,4.28,5.9,9.881,-97,98,9,96,0812.76,98322328428549,8,203,2,8,9,908,4988,1,81,2,5"
"k,8,65098882641851,2306.03,1.9,1,8,88999.489949,0,8,989887,9,56.9,,"
"5,43859398736319,5.6,99.6,99691,2.,099,9,83,3,888,9.27,"
"9,90399799506052,388.1,99.9497,7,9.,-8,9888,87,8,0,,2.8997998998986589,9,89,8299,2,897,9,-9891112,49,833,87,58"
