"$GPRS38398,jG,938987,995788,9863684786888283,8,8,2,560,8,996,3HH#V83"
"$GPRS166,J,830980,688590,0255988069299483,64999,48,8,4,89,3,8790789HL#V873"
"$GPRS55,'A,362018,888148,9999322092039681,85,8,9379,918098,6,88,7LL#V7"
"$GPRS1,,688808,690984,0890856589889619,599,1,28,39,29,6,2HL#V38"
"$GPRS6,sC,959990,089159,9997749999339207,472,76,19,9,98,2,47LH#V29"
"$GPRS482,$=D,941980,218129,5158969808794701,2,83983,97159,8,1,0,712LH#V83"
"$GPRS1,~,621699,408689,8988934881998832,9,63,850789,80,988,1,1HH#V11946"
"$GPRS8,p,995985,998129,0491172867118087,1,956,94,58,3188278,1248,8HH#V5"
"$GPRS82,Z,604795,549493,9665959999969894,3,9,988839,9,0,9,88LL#V194"
"$GPRS8,o`,569698,389305,5871312918607339,8,9,03,29,8,77,4HL#V9898685"
