"L,989378534912,G,-5.9,5.1,752996,8.8,2,8899890884,6"
"L,608797891888,G,-1.4,1.39,98.43,5.,95,88,6\akU<r"
"L,178868096885,G,-0.189,-4.62,0.,9,64,5,4\0"
"L,892581645981,G,-29.4,-7.9,9288,89,5,4,81Fi1\""
"L,381945018985,G,-5.8,-9.2,9458,86,9,70,8"
"L,089998888198,G,1.6,37983.4,8898.9,9.,89,5926439,9"
"L,886939877009,G,-85.2,-86.3,9.,7.495,91,24,80"
"L,992772719392,G,-99.8,-4.8,208,88,6,98,9s"
"L,235798882887,G,-9759.87844,9.9,8.,999.,8,91,9"
"L,929388828899,G,9839.19,9.9,88,9.89,8,3,8aO"
"L,998499543206,G,90.58,-64.8,4.,9,7,9,62sQ'"
"L,909950899138,G,-8.1,8.7,581,589189190,8,0,28"
"L,126295940981,G,-8.849078,09.8,6,809,63,9,25"
"L,377458969882,G,-8190.8,094.8986,9.3999,85.8,8,9,9"
"L,949820564318,G,9.9,89.81,9.89,80899,7,58,9"
