"889584988777499,790689308609,6,889495924984,-6,8,9,8,7,8,"
"39688950889108,092129773998,18,790883999305,8,-6,1,98,92,989,9"
"6879575847968,990389997928,688,780088731809,-0,-983,5,3893,97,9,N"
"09698201019,988988177995,501393,429080961828,-8,48,7,999909872,48650,9,@UG"
"08799292207,675163595889,688,175882207850,48,9,3,6641,2,8,"
"7834881958796867,385589119347,34,548815928914,-4,8,9,3,98,85,_"
"99587999588,983937994991,9,069092984958,8,8,9,99,7,19,"
"77958018872,358868599297,77,270498987018,78,-9,3,15,533,29,Y{>\eag"
"988983879999,964050560806,9,989178978896,769,9,9,9,9,7,\"|"
"82258856995,888419950038,14,828887659890,-051,-3999,3,5,99186,2,,"
