"$1,P,098959,75,89,09,36,96,88,01657638N,891839989E,992.069,28,9259,48,591,8,9,3,8,9,8,A,909"
"$1,1,8,16,17,94,09,99,49,09989079N,848958890E,898.8,83,99,89,4,7,6,0,2,5,3,V,8"
"$1,d,53,24,64,08,89,97,43,25289895N,971099968E,97.9878,85399,4,1,02,8,9,9,7,7,98,V,9\t>"
"$1,H|,99,38,69,30,73,94,22,62990898N,989786580E,9.92,8,78,9,84899,8,8,4,4,8,8,A,9"
"$1,8,99,29,89,84,41,88,99,92578803N,948898055E,7.9,1,8177,5988,8,3,9,9,8,8,8,A,2"
"$1,m,85,98,17,78,39,81,48,56988548N,802848381E,354.1,9988,97,8,9,8,9,9,8,9,8,V,3"
"$1,U,2532546,38,34,03,34,99,94,44659379S,087513980W,4.98,4,8,95,49,5,5,8,8,9,8,A,7h"
"$1, ,9,99,65,69,30,97,18,48480888N,042938179W,2.09,8,754,91,59,8,3,9,9,4,8,V,9W"
"$1,#}-e,8,89,07,91,01,47,94,90580863N,383579348E,3.8,889,849,0,9,9,1,7,1,9,5,V,892!"
"$1,5,299196,87,58,32,43,09,06,34990989S,283358343E,5.8,38,87,5,888,3,6,8,2,1,8,A,87480]"
