"#,6,29998948886835,5.58769,69.288,129,08,58,9,48,0,8898.9,51800416889288,0,9,5,9,9691,91,5,9889,989,2,8"
"688806,16889185689988,895.88,-898.4,01,5219898889,-8.,8,988,89,19.8997178999898885789,9,9894,09870,78998356,7,028,3581,91,81,18,7"
"8n2,982,79678281558918,-388.8,8.8,03822,9.,-8128.880,4,8,890882,816.956779.49,90548059898918,8,98,18,9196,92752,888880,9,9,8,26,8\0"
"z,46,26898498779890,-1.63,-58.0,94,1.8,338,532,38,8,7498487949589968386,88,9,18,-9882,7,8,-89,0104,0,669,6882"
"4748,85965582739589,7.98,52.81266,899,27892389,-698368.98,6,8,1,0398,:"
"0L,88,09688885325969,-84.8,-8.8,988,92.0,-65,9,14,42888587,0"
"d3,903,85069921089807,989.96,-8.8,3.7,8,-98,18,9,993,8885,219.9,,10919539526173,4,232387,992569,1821,2,2,-482,89,2,8723,895z"
"8,89228928825460,8.5,8.89,8.,97,-9296214,5,38,92,9188.939959519783938639,8,9,99899,569,5,9,-7,52891149,5835201,289885,19"
"880531,49355862916181,71.9,-7.295,2,9.,-44.2,2,39,8055,92.5,29153983926089,6,19152,504,8999,91054,8,28,22548,04,3,9"
"88,28829406827468,-3.89,82.07,7224,08,5489,8,869,93,82,,,53009898899303,94,8,1,43,6,86,-899,9,989,93779,0b"
"99,78483838935889,03.7889,-1.01,1989,86.9,6,18,9,7,3,,8998985.8"
"y\t|G,5,56899898828921,8.9,8.9,1.5,590,-2,2,8,909,9288.36,"
",3,87796990926988,-9.889,-92.99,99.,00181,2903019.8,0,773,968,8,0.4889999111968381,39,4,9,8,8,3,7,184821,3,8,52"
"7,05362826921989,-48888.48,-8.2,999869,82.999,-8.,1,999,5,87933,8.9,"
"C,9,99198816068849,8.885,-60.8,6,49828,9893,8,89,8,786,,,T#"
