"581269991872,457998594399,8,393172982898,3,80,8,3,88,6,"
"83995259692,748594398869,6,920883358209,-9,8,8,9,8,4,"
"982599198288,498939589989,098,038593898087,9936,-0,9,8,19,4,"
"1889839597334,959740824498,5,889298778899,1,4,7,2,2,979,"
"7319977257856,205810689982,88,828981861985,95,959,9,8,971,587,F"
"988589944987,375945984488,4,294859323718,9618598,-896,6,989,9,999,"
"8887380968889,084877918896,920,497891888786,901,-99,0,98,9,06,{"
"38385981638387389,699888889888,9,451899658782,-9,-1,4,1,968,06,'\v"
"898683596360,773638904587,0988,488888295327,86,-8,3,8,885,786,"
"898223958580,599718930981,798,248829948280,-991,8,8,89,2,498,"
"19839398863,898937989810,094,889913596893,8,-398986,8,2,9,9592,\r"
"63618789582,811957998023,4,958418868998,-3,8,0,88988,9,94,"
"56481966868,802999834995,1,799995019038,-5,32,8,8,8898,8,"
"284348189847,899987258589,9,598898989754,-0,-38,7,8,49,5,"
"8790639919719,993434868663,058,349548848919,-59,9,9,8,5,8,"
"96429920993,924495190989,90414,483098485894,-34,961,9,57,6,1,t"
"90339586204,994118696927,7888,989858874385,-6,-989,5,7,6,69,"
"989891689499489,289893919198,278838,808947708989,-9,-9,4,8,0,8,"
"68993993898,889288549002,1,489498085779,-88909,-65,8,8,7988,5,7"
"76096584889099,695760867099,359,281959058884,-68,-6,9,84,9,2,"
