"$GPRS999774,,599999,836889,8822854248960859,8,9926,39,88,23,8158,898HH#V94"
"$GPRS89,g,999489,889953,4046890888376489,8,97,08,78,38384949681791,7,5HH#V8"
"$GPRS9,e,839182,080899,3535788384949892,98,8,38,92,0,5,409HL#V888"
"$GPRS862,7O,185589,776506,0287077820700609,9,4,82,89,2,37,6HL#V5"
"$GPRS8,~,157888,107095,8808289804891679,65,2,53,796,6,8,2HH#V8"
"$GPRS81,{o,843999,607498,9998689898834741,88,920803,4,9,8,8,295HH#V4"
"$GPRS98,x1!,869083,819882,5849915815889199,404,3,59,9,588,5,988HH#V07"
"$GPRS9,$b,982187,829664,9899989844923973,3,49,99,2,8,7,2HH#V9887"
"$GPRS8998,(:,283080,899997,9988990886398143,7,38,8,856,6,2,9LH#V50808"
"$GPRS6,?,855798,496999,4188064894982869,5,9,9,88,49,8,39HL#V1"
