"28825999898,381729927009,9,237858475883,-4,-858229,7,9,8,3880,"
"98048299209,998137396880,891416,488868860761,8,-2,4,2,889898,89,"
"0293015583992,486829569993,790,929075299488,4,-07,9,80194,8,1,."
"58769833016,885917714988,9,989029999999,6,-79,0,88488,0,119,"
"390989748588,985805079962,8,199086193947,-4,-4,9,8,81,98,"
"08877789883,989519583491,5,841386805998,6,38,9,586,81,98,s"
"80900577516,843459627958,0,827869688883,939,-3,4,5,299405,8,"
"289849988299,848069889998,8802,299389398999,83,-9,7,93,9,6,="
"789217998455,830819505618,98,849105099888,-154,-10,5,9,5,8,"
"538488788399,868839826995,892,926968043075,-9,1,8,89,4577,91,="
"9566818949798,824719786809,9,976761886883,912,-8,9,98,894,0,"
"79578219978,968288488399,9189,399823482851,3,89403,3,95886,8,9,<"
"898940368106738,822208889422,8,878548801935,95,919,0,888976,5,37,H"
"932309886047,697859859883,9,882952678938,-5,-5,9,6,8,0,^"
"18310938381,587588880869,67,599981718888,049,8,8,91,94,9,Q"
"079600895869,838896906988,95,845762304898,0,-8,1,8,1,71,"
"888338099928,980907009789,27,607292970799,-701,-38894,8,960,7,961,|"
"85396889364,949404985969,88,189397786777,-6,99,3,98,6,9,"
"6949998837288,173289949889,7,669359289799,-90133,-18,3,73,05,613,U"
"89879888968,498888789993,8,988889883288,51883,-8,2,9,8,9,"
